0.0877432777391 -0.351495009422 0.932068868466
0.772543549758 0.472406059515 -0.424274650034
0.754182544822 0.152128371721 0.638800162494
0.460400941547 0.1949014935 -0.866051026704
-0.11354433532 0.705439355158 0.699616323502
0.8543033189 -0.447389308145 -0.264591470525
-0.6325804983 0.718215516542 0.289842000007
0.859258780399 -0.421203465886 -0.290279156388
0.166357041369 -0.845093097515 -0.508077741413
0.056073518494 -0.545488088338 0.836240698606
-0.197162785516 -0.759254559178 -0.620209118262
-0.54195942263 0.8273127763 -0.147761816422
